ID  caudalDeshum  caudalCalle  caudalExtrac  Tsala  Tgaleria  Timpuls  Tcalle  Tsuelo  HRsala  HRgaleria  HRimpuls  HRCalle
0  1500  1500  1500  290  288  295  284  286  90  87  60  70  #Generación cero (inicial)
1  1500  1500  1500  293  290  298  290  288  95  85  60  60
2  1500  1500  1500  298  297  303  302  295  78  80  60  75
3  1500  1500  1500  294  294  299  292  292  85  82  60  55
4  3000  3000  3000  290  288  295  284  286  90  87  60  70
5  3000  3000  3000  293  290  298  290  288  95  85  60  60
6  3000  3000  3000  298  297  303  302  295  78  80  60  75
7  3000  3000  3000  294  294  299  292  292  85  82  60  55
8  0  0  0  290  288  295  284  286  90  87  60  70  #antes HRsala era 90
9  0  0  0  293  290  298  290  286  90  85  60  60  #antes HRsala era 95 y TempSuelo eraa 288
10  0  0  0  298  297  303  302  295  78  80  60  75
11  0  0  0  294  294  299  292  292  85  82  60  55
12  0  0  0  290  288  295  284  286  90  87  60  70  #Primera generación (cuatro combinaciones debidas al primer caso)
13  3000  3000  3000  290  288  295  284  286  90  87  60  70
14  0  1500  1500  290  288  295  284  286  90  87  60  70
15  1500  0  1500  290  288  295  284  286  90  87  60  70
16  0  0  0  293  290  298  290  288  95  85  60  60
17  3000  3000  3000  293  290  298  290  288  95  85  60  60
18  0  1500  1500  293  290  298  290  288  95  85  60  60
19  1500  0  1500  293  290  298  290  288  95  85  60  60
20  0  0  0  298  297  303  302  295  78  80  60  75
21  3000  3000  3000  298  297  303  302  295  78  80  60  75
22  0  1500  1500  298  297  303  302  295  78  80  60  75
23  1500  0  1500  298  297  303  302  295  78  80  60  75
24  0  0  0  294  294  299  292  292  85  82  60  55
25  3000  3000  3000  294  294  299  292  292  85  82  60  55
26  0  1500  1500  294  294  299  292  292  85  82  60  55
27  1500  0  1500  294  294  299  292  292  85  82  60  55
28  1500  1500  1500  290  288  295  284  286  90  87  60  70
29  0  0  0  290  288  295  284  286  90  87  60  70
30  0  3000  3000  290  288  295  284  286  90  87  60  70
31  3000  0  3000  290  288  295  284  286  90  87  60  70
32  1500  1500  1500  293  290  298  290  288  95  85  60  60
33  0  0  0  293  290  298  290  288  95  85  60  60
34  0  3000  3000  293  290  298  290  288  95  85  60  60
35  3000  0  3000  293  290  298  290  288  95  85  60  60
36  1500  1500  1500  298  297  303  302  295  78  80  60  75
37  0  0  0  298  297  303  302  295  78  80  60  75
38  0  3000  3000  298  297  303  302  295  78  80  60  75
39  3000  0  3000  298  297  303  302  295  78  80  60  75
40  1500  1500  1500  294  294  299  292  292  85  82  60  55
41  0  0  0  294  294  299  292  292  85  82  60  55
42  0  3000  3000  294  294  299  292  292  85  82  60  55
43  3000  0  3000  294  294  299  292  292  85  82  60  55
44  1500  1500  1500  290  288  295  284  286  90  87  60  70
45  3000  3000  3000  290  288  295  284  286  90  87  60  70
46  0  1500  1500  290  288  295  284  286  90  87  60  70
47  1500  0  1500  290  288  295  284  286  90  87  60  70
48  1500  1500  1500  293  290  298  290  288  95  85  60  60
49  3000  3000  3000  293  290  298  290  288  95  85  60  60
50  0  1500  1500  293  290  298  290  288  95  85  60  60
51  1500  0  1500  293  290  298  290  288  95  85  60  60
52  1500  1500  1500  298  297  303  302  295  78  80  60  75
53  3000  3000  3000  298  297  303  302  295  78  80  60  75
54  0  1500  1500  298  297  303  302  295  78  80  60  75
55  1500  0  1500  298  297  303  302  295  78  80  60  75
56  1500  1500  1500  294  294  299  292  292  85  82  60  55
57  3000  3000  3000  294  294  299  292  292  85  82  60  55
58  0  1500  1500  294  294  299  292  292  85  82  60  55
59  1500  0  1500  294  294  299  292  292  85  82  60  55
60  3000  3000  3000  290  288  295  281  286  90  87  60  85  #Segunda generación (caso 13)
61  3000  3000  3000  290  288  293  288  286  90  87  60  35
62  0  1500  1500  290  288  295  281  286  90  87  60  85  #caso 14
63  0  1500  1500  290  288  293  288  286  90  87  60  35
64  3000  3000  3000  293  290  295  288  288  95  85  60  80 #caso 17
65  3000  3000  3000  293  290  300  300  288  95  85  35  40
66  0  1500  1500  293  290  295  288  288  95  85  60  80 #caso 18
67  0  1500  1500  293  290  300  300  288  95  85  35  40
68  3000  3000  3000  298  297  305  296  295  78  80  55  70  #caso 21
69  3000  3000  3000  298  297  300  308  295  78  80  40  30
70  0  1500  1500  298  297  305  296  295  78  80  55  70  #caso 22
71  0  1500  1500  298  297  300  308  295  78  80  40  30
72  3000  3000  3000  294  294  300  294  292  85  82  65  80  #caso 25
73  3000  3000  3000  294  294  296  295  292  85  82  45  50
74  0  1500  1500  294  294  300  294  292  85  82  65  80  #caso 26
75  0  1500  1500  294  294  296  295  292  85  82  45  50
76  1500  1500  1500  290  288  295  281  286  90  87  60  85  #caso 28 a partir d´ací van de 2 en 2
77  1500  1500  1500  290  288  300  288  286  90  87  30  35
78  0  3000  3000  290  288  295  281  286  90  87  60  85  #caso 30
79  0  3000  3000  290  288  300  288  286  90  87  30  35
80  1500  1500  1500  293  290  298  288  288  95  85  60  80
81  1500  1500  1500  293  290  303  300  288  95  85  35  40
82  0  3000  3000  293  290  298  288  288  95  85  60  80
83  0  3000  3000  293  290  303  300  288  95  85  45  40
84  1500  1500  1500  298  297  305  296  295  78  80  60  70
85  1500  1500  1500  298  297  308  308  295  78  80  30  30
86  0  3000  3000  298  297  305  296  295  78  80  60  70
87  0  3000  3000  298  297  308  308  295  78  80  30  30
88  1500  1500  1500  294  294  300  294  292  85  82  60  80
89  1500  1500  1500  294  294  307  295  292  85  82  50  50
90  0  3000  3000  294  294  300  294  292  85  82  60  80
91  0  3000  3000  294  294  307  295  292  85  82  50  50
92  1500  1500  1500  290  288  295  281  286  90  87  60  85  #a partir del 44
93  1500  1500  1500  290  288  290  288  286  90  87  60  35
94  3000  3000  3000  290  288  295  281  286  90  87  60  85
95  3000  3000  3000  290  288  290  288  286  90  87  60  35
96  0  1500  1500  290  288  295  281  286  90  87  60  85
97  0  1500  1500  290  288  290  288  286  90  87  60  35
98  1500  1500  1500  293  290  300  288  288  95  60  85  80  #case 48 está mal, tiene cambiados HRgaleria y HRdeshum
99  1500  1500  1500  293  290  298  300  288  95  70  85  40  #está mal por lo mismo
100  3000  3000  3000  293  290  300  288  288  95  60  85  80  #está mal por lo mismo  
101  3000  3000  3000  293  290  298  300  288  95  70  85  40  #está mal por lo mismo
102  0  1500  1500  293  290  300  288  288  95  60  85  80  #está mal por lo mismo  
103  0  1500  1500  293  290  298  300  288  95  70  85  40  #está mal por lo mismo
104  1500  1500  1500  293  290  298  288  288  95  85  60  80  #case 51
105  0  1500  1500  293  290  298  288  288  95  85  50  40  
106  3000  0  3000  298  297  303  296  295  78  80  60  70  #case 52
107  0  3000  3000  298  297  310  283  295  78  80  30  80
108  3000  0  3000  298  297  303  308  295  78  80  60  30
109  1500  1500  1500  298  297  306  296  295  78  80  50  70
110  3000  1500  1500  298  297  300  283  295  78  80  60  80
111  1500  0  1500  298  297  305  308  295  78  80  45  30
112  3000  0  3000  298  297  300  296  295  78  80  60  80
113  0  1500  1500  298  297  302  296  295  78  80  45  75
114  1500  0  1500  294  294  299  295  292  85  82  60  50
115  3000  1500  3000  294  294  296  294  292  85  82  55  80
116  1500  3000  3000  294  294  302  280  292  85  82  60  75
117  0  1500  1500  294  294  306  295  292  85  82  35  50
118  1500  1500  1500  294  294  300  294  292  85  82  60  65
119  3000  1500  3000  294  294  306  294  292  85  82  50  70
120  1500  0  1500  294  294  297  294  292  85  82  60  57
121  0  3000  3000  294  294  304  294  292  85  82  43  72
122  0  0  0  290  288  295  281  286  90  87  60  85  #Tercera generación, desde la 60, cada 3
123  0  0  0  290  288  293  288  286  90  87  60  35
124  0  0  0  293  290  295  288  288  95  85  60  80
125  0  0  0  298  297  300  308  295  78  80  40  30
126  0  0  0  294  294  300  294  292  85  82  65  80
127  0  0  0  294  294  296  295  292  85  82  45  50
128  0  0  0  290  288  295  281  286  90  87  60  85
129  0  0  0  293  290  303  300  288  95  85  35  40
130  0  0  0  298  297  305  296  295  78  80  60  70
131  0  0  0  298  297  308  308  295  78  80  30  30
132  0  0  0  294  294  300  294  292  85  82  60  80
133  0  0  0  290  288  290  288  286  90  87  60  35
134  0  0  0  290  288  295  281  286  90  87  60  85
135  0  0  0  293  290  298  300  288  95  70  85  40  #está mal por lo mismo
136  0  0  0  293  290  300  288  288  95  60  85  80  #está mal por lo mismo
137  0  0  0  293  290  298  288  288  95  85  50  40
138  0  0  0  298  297  303  308  295  78  80  60  30
139  0  0  0  298  297  305  308  295  78  80  45  30
140  0  0  0  294  294  299  295  292  85  82  60  50
141  0  0  0  294  294  306  295  292  85  82  35  50
142  0  0  0  294  294  297  294  292  85  82  60  57